CpG context
===========
position	count methylated	count unmethylated	% methylation	coverage
1	40844	93854	30.32	134698
2	40536	91769	30.64	132305
3	42398	91175	31.74	133573
4	46771	96142	32.73	142913
5	44970	102008	30.60	146978
6	45886	91957	33.29	137843
7	46841	93340	33.41	140181
8	47860	91132	34.43	138992
9	57992	88805	39.50	146797
10	48347	90933	34.71	139280
11	47139	90238	34.31	137377
12	46778	92700	33.54	139478
13	48181	106168	31.22	154349
14	47138	93621	33.49	140759
15	48715	96127	33.63	144842
16	51142	109950	31.75	161092
17	49098	95996	33.84	145094
18	50075	96892	34.07	146967
19	51381	99418	34.07	150799
20	50711	96253	34.51	146964
21	49960	95063	34.45	145023
22	51119	98353	34.20	149472
23	50908	99720	33.80	150628
24	51493	97800	34.49	149293
25	52165	101197	34.01	153362
26	50914	99946	33.75	150860
27	51697	99998	34.08	151695
28	52992	101693	34.26	154685
29	51313	99122	34.11	150435
30	51357	99406	34.06	150763
31	52404	101255	34.10	153659
32	50587	100025	33.59	150612
33	50652	97129	34.28	147781
34	52171	100164	34.25	152335
35	51142	99601	33.93	150743
36	51471	98955	34.22	150426
37	51924	100636	34.04	152560
38	50456	99658	33.61	150114
39	51316	99242	34.08	150558
40	51937	100722	34.02	152659
41	50690	99843	33.67	150533
42	50697	97628	34.18	148325
43	51460	100026	33.97	151486
44	50290	99231	33.63	149521
45	49292	97957	33.48	147249
46	50596	99908	33.62	150504
47	49767	98498	33.57	148265
48	49689	97924	33.66	147613
49	49880	99759	33.33	149639
50	48894	97798	33.33	146692
51	48476	97037	33.31	145513
52	48842	97821	33.30	146663
53	48146	97551	33.05	145697
54	47954	97620	32.94	145574
55	48822	97038	33.47	145860
56	47548	95189	33.31	142737
57	47625	95079	33.37	142704
58	48179	96372	33.33	144551
59	47327	95078	33.23	142405
60	46925	96275	32.77	143200
61	47050	97216	32.61	144266
62	46029	94946	32.65	140975
63	45950	94058	32.82	140008
64	45871	94897	32.59	140768
65	45350	94807	32.36	140157
66	45648	92981	32.93	138629
67	45324	95561	32.17	140885
68	44963	93322	32.51	138285
69	44328	93170	32.24	137498
70	44669	94607	32.07	139276
71	44043	92205	32.33	136248
72	43470	91408	32.23	134878
73	43574	92101	32.12	135675
74	43129	91395	32.06	134524
75	42159	89475	32.03	131634
76	41811	89452	31.85	131263
77	40834	89139	31.42	129973
78	41051	88756	31.62	129807
79	41127	89823	31.41	130950
80	39974	88573	31.10	128547
81	39746	88344	31.03	128090
82	39574	87034	31.26	126608
83	38222	85945	30.78	124167
84	37200	84797	30.49	121997
85	37276	84276	30.67	121552
86	35595	82304	30.19	117899
87	34370	80683	29.87	115053
88	31341	79460	28.29	110801
89	8716	21731	28.63	30447

CHG context
===========
position	count methylated	count unmethylated	% methylation	coverage
1	5666	175084	3.13	180750
2	4113	181419	2.22	185532
3	3415	181624	1.85	185039
4	3720	171626	2.12	175346
5	3965	179815	2.16	183780
6	3409	191573	1.75	194982
7	2950	174120	1.67	177070
8	3442	175067	1.93	178509
9	4218	175977	2.34	180195
10	17719	176634	9.12	194353
11	3260	180596	1.77	183856
12	1615	181963	0.88	183578
13	1569	179898	0.86	181467
14	1596	196548	0.81	198144
15	1592	183005	0.86	184597
16	1625	180708	0.89	182333
17	1651	183853	0.89	185504
18	1510	184453	0.81	185963
19	1879	181546	1.02	183425
20	1638	187701	0.87	189339
21	1683	187043	0.89	188726
22	1722	197074	0.87	198796
23	1710	188740	0.90	190450
24	1558	191295	0.81	192853
25	1634	189208	0.86	190842
26	1709	190785	0.89	192494
27	2111	190418	1.10	192529
28	1677	187106	0.89	188783
29	1674	189740	0.87	191414
30	1563	188151	0.82	189714
31	1696	186395	0.90	188091
32	1653	190701	0.86	192354
33	1526	191111	0.79	192637
34	1665	186677	0.88	188342
35	1790	191780	0.92	193570
36	1530	192632	0.79	194162
37	1666	186765	0.88	188431
38	1647	189276	0.86	190923
39	1628	189689	0.85	191317
40	1635	187513	0.86	189148
41	1542	187392	0.82	188934
42	1536	185948	0.82	187484
43	1536	184687	0.82	186223
44	1620	186071	0.86	187691
45	1480	186000	0.79	187480
46	1606	183546	0.87	185152
47	1557	186783	0.83	188340
48	1550	187307	0.82	188857
49	1627	182592	0.88	184219
50	1621	186194	0.86	187815
51	1524	185242	0.82	186766
52	1607	182191	0.87	183798
53	1562	184536	0.84	186098
54	1506	183335	0.81	184841
55	1577	181751	0.86	183328
56	1591	184280	0.86	185871
57	1527	181211	0.84	182738
58	1480	178073	0.82	179553
59	1645	181923	0.90	183568
60	1627	179817	0.90	181444
61	1579	178159	0.88	179738
62	1665	180541	0.91	182206
63	1670	179538	0.92	181208
64	1592	178494	0.88	180086
65	1659	178792	0.92	180451
66	1632	178754	0.90	180386
67	1658	175761	0.93	177419
68	1636	175250	0.92	176886
69	1619	173306	0.93	174925
70	1665	172794	0.95	174459
71	1685	174458	0.96	176143
72	1636	172832	0.94	174468
73	1616	170662	0.94	172278
74	1712	173256	0.98	174968
75	1630	171854	0.94	173484
76	1705	167881	1.01	169586
77	1716	167601	1.01	169317
78	1619	166140	0.97	167759
79	1778	162882	1.08	164660
80	1811	163528	1.10	165339
81	1722	162218	1.05	163940
82	1760	160908	1.08	162668
83	1728	161065	1.06	162793
84	1569	158107	0.98	159676
85	1741	155066	1.11	156807
86	1709	155383	1.09	157092
87	1670	150935	1.09	152605
88	1543	142771	1.07	144314
89	384	38950	0.98	39334

CHH context
===========
position	count methylated	count unmethylated	% methylation	coverage
1	6716	432702	1.53	439418
2	6713	425834	1.55	432547
3	5410	437427	1.22	442837
4	7201	429299	1.65	436500
5	7469	439666	1.67	447135
6	6853	444775	1.52	451628
7	5865	459733	1.26	465598
8	5113	438741	1.15	443854
9	8896	438448	1.99	447344
10	8516	434670	1.92	443186
11	17472	429159	3.91	446631
12	3436	440672	0.77	444108
13	3220	439534	0.73	442754
14	3019	427674	0.70	430693
15	3226	430371	0.74	433597
16	3157	430591	0.73	433748
17	3124	426105	0.73	429229
18	3049	441886	0.69	444935
19	3623	424565	0.85	428188
20	2993	421047	0.71	424040
21	3144	423250	0.74	426394
22	3316	428726	0.77	432042
23	2899	430674	0.67	433573
24	3135	437221	0.71	440356
25	3000	437854	0.68	440854
26	3195	430859	0.74	434054
27	4254	430664	0.98	434918
28	3152	431480	0.73	434632
29	3127	425835	0.73	428962
30	2884	422851	0.68	425735
31	3083	423436	0.72	426519
32	2851	420922	0.67	423773
33	2930	423205	0.69	426135
34	3004	425631	0.70	428635
35	3242	419983	0.77	423225
36	2889	420771	0.68	423660
37	3016	416366	0.72	419382
38	2970	413049	0.71	416019
39	3098	422368	0.73	425466
40	3001	426029	0.70	429030
41	2959	423744	0.69	426703
42	3061	427474	0.71	430535
43	3016	428545	0.70	431561
44	3029	421576	0.71	424605
45	2950	420184	0.70	423134
46	3145	419110	0.74	422255
47	3045	411159	0.74	414204
48	3197	417927	0.76	421124
49	3325	417533	0.79	420858
50	3176	414025	0.76	417201
51	3208	422446	0.75	425654
52	3529	418298	0.84	421827
53	3352	413929	0.80	417281
54	3324	420154	0.78	423478
55	3348	415717	0.80	419065
56	3489	411599	0.84	415088
57	3447	416232	0.82	419679
58	3584	417239	0.85	420823
59	3716	414990	0.89	418706
60	3640	417248	0.86	420888
61	3711	418048	0.88	421759
62	3794	412707	0.91	416501
63	3817	411064	0.92	414881
64	3846	409816	0.93	413662
65	3878	407914	0.94	411792
66	3916	408541	0.95	412457
67	4043	408107	0.98	412150
68	3964	403374	0.97	407338
69	4013	402807	0.99	406820
70	4119	406695	1.00	410814
71	4186	401767	1.03	405953
72	4123	403119	1.01	407242
73	4238	404423	1.04	408661
74	4341	398739	1.08	403080
75	4364	400070	1.08	404434
76	4369	399740	1.08	404109
77	4246	395533	1.06	399779
78	4274	393991	1.07	398265
79	4308	389279	1.09	393587
80	4309	382560	1.11	386869
81	4380	382186	1.13	386566
82	4428	379499	1.15	383927
83	4305	374406	1.14	378711
84	4457	374982	1.17	379439
85	4370	373205	1.16	377575
86	4446	367577	1.20	372023
87	4282	363832	1.16	368114
88	3867	350166	1.09	354033
89	1509	99147	1.50	100656

