CpG context
===========
position	count methylated	count unmethylated	% methylation	coverage
1	33869	16323	67.48	50192
2	34891	15617	69.08	50508
3	35886	15447	69.91	51333
4	38947	16493	70.25	55440
5	37583	17246	68.55	54829
6	39670	15222	72.27	54892
7	39448	15957	71.20	55405
8	40759	15686	72.21	56445
9	41498	15351	73.00	56849
10	41044	15766	72.25	56810
11	40592	15858	71.91	56450
12	41349	15761	72.40	57110
13	42040	17394	70.73	59434
14	41473	15901	72.29	57374
15	42271	16016	72.52	58287
16	44027	17810	71.20	61837
17	42657	16082	72.62	58739
18	43424	15552	73.63	58976
19	44245	16422	72.93	60667
20	43819	16361	72.81	60180
21	42604	15753	73.01	58357
22	43990	16427	72.81	60417
23	44274	16222	73.19	60496
24	44982	16196	73.53	61178
25	44774	16535	73.03	61309
26	44372	16260	73.18	60632
27	44540	15849	73.76	60389
28	45032	16264	73.47	61296
29	43936	15633	73.76	59569
30	44213	15639	73.87	59852
31	44550	16308	73.20	60858
32	44024	15908	73.46	59932
33	43459	15595	73.59	59054
34	45220	16107	73.74	61327
35	44293	15792	73.72	60085
36	44845	15982	73.73	60827
37	44953	15976	73.78	60929
38	43720	15802	73.45	59522
39	43952	15393	74.06	59345
40	44562	15720	73.92	60282
41	43576	15758	73.44	59334
42	43318	15396	73.78	58714
43	44086	15752	73.68	59838
44	43816	15378	74.02	59194
45	43093	15423	73.64	58516
46	43957	15970	73.35	59927
47	43573	15310	74.00	58883
48	43510	15442	73.81	58952
49	43182	15826	73.18	59008
50	42750	15563	73.31	58313
51	42156	15099	73.63	57255
52	42125	15512	73.09	57637
53	42091	15232	73.43	57323
54	42005	15061	73.61	57066
55	42650	15469	73.38	58119
56	41488	15169	73.23	56657
57	41440	14999	73.42	56439
58	41692	15361	73.08	57053
59	41158	15158	73.08	56316
60	41008	15063	73.14	56071
61	40875	15255	72.82	56130
62	39985	14909	72.84	54894
63	39823	14783	72.93	54606
64	39760	15010	72.59	54770
65	39037	14708	72.63	53745
66	39178	14178	73.43	53356
67	39123	14523	72.93	53646
68	38500	14320	72.89	52820
69	37957	14143	72.85	52100
70	37789	14506	72.26	52295
71	37258	14054	72.61	51312
72	36256	13797	72.44	50053
73	36546	13988	72.32	50534
74	35716	13742	72.21	49458
75	35257	13436	72.41	48693
76	34911	13748	71.75	48659
77	34245	13453	71.80	47698
78	33867	13190	71.97	47057
79	33441	13439	71.33	46880
80	32681	13013	71.52	45694
81	32141	12618	71.81	44759
82	31482	12836	71.04	44318
83	30313	12410	70.95	42723
84	29510	12053	71.00	41563
85	28935	12251	70.25	41186
86	27626	11586	70.45	39212
87	26063	11220	69.91	37283
88	22904	11129	67.30	34033
89	6389	3517	64.50	9906

CHG context
===========
position	count methylated	count unmethylated	% methylation	coverage
1	1846	56757	3.15	58603
2	1664	57786	2.80	59450
3	1490	59040	2.46	60530
4	1559	56162	2.70	57721
5	1593	57731	2.69	59324
6	1484	60296	2.40	61780
7	1312	58057	2.21	59369
8	1507	60432	2.43	61939
9	1441	61391	2.29	62832
10	3485	60994	5.40	64479
11	1361	62778	2.12	64139
12	1087	62303	1.71	63390
13	1077	61671	1.72	62748
14	1159	64241	1.77	65400
15	1120	62681	1.76	63801
16	1245	61961	1.97	63206
17	1126	61993	1.78	63119
18	1094	61904	1.74	62998
19	1217	62640	1.91	63857
20	1187	63106	1.85	64293
21	1092	62798	1.71	63890
22	1211	64313	1.85	65524
23	1247	63571	1.92	64818
24	1143	64102	1.75	65245
25	1116	63283	1.73	64399
26	1185	63140	1.84	64325
27	1285	63493	1.98	64778
28	1186	62463	1.86	63649
29	1148	64024	1.76	65172
30	1128	62719	1.77	63847
31	1153	61690	1.83	62843
32	1182	62973	1.84	64155
33	1075	61608	1.71	62683
34	1148	60975	1.85	62123
35	1186	62797	1.85	63983
36	1115	61538	1.78	62653
37	1110	61074	1.79	62184
38	1190	62169	1.88	63359
39	1106	62182	1.75	63288
40	1059	61706	1.69	62765
41	1132	61870	1.80	63002
42	1013	61074	1.63	62087
43	1143	60743	1.85	61886
44	1127	61104	1.81	62231
45	1072	61237	1.72	62309
46	1119	59925	1.83	61044
47	1126	61091	1.81	62217
48	1064	60950	1.72	62014
49	1128	59765	1.85	60893
50	1099	61238	1.76	62337
51	1085	61183	1.74	62268
52	1084	59789	1.78	60873
53	1175	60460	1.91	61635
54	1147	60363	1.86	61510
55	1107	59603	1.82	60710
56	1153	59916	1.89	61069
57	1055	59479	1.74	60534
58	1113	58557	1.87	59670
59	1110	59200	1.84	60310
60	1058	58792	1.77	59850
61	1090	59682	1.79	60772
62	1148	59153	1.90	60301
63	1088	58426	1.83	59514
64	1096	58520	1.84	59616
65	1072	58853	1.79	59925
66	1045	57911	1.77	58956
67	1130	57002	1.94	58132
68	1120	56465	1.94	57585
69	985	56208	1.72	57193
70	1105	54624	1.98	55729
71	1059	55879	1.86	56938
72	1043	55324	1.85	56367
73	995	54467	1.79	55462
74	1090	54325	1.97	55415
75	1051	53722	1.92	54773
76	1094	52725	2.03	53819
77	1105	53122	2.04	54227
78	1055	51882	1.99	52937
79	1056	50534	2.05	51590
80	1110	50173	2.16	51283
81	1021	49722	2.01	50743
82	1007	49284	2.00	50291
83	1055	48452	2.13	49507
84	992	47405	2.05	48397
85	993	45747	2.12	46740
86	943	45257	2.04	46200
87	926	43505	2.08	44431
88	828	38371	2.11	39199
89	136	10462	1.28	10598

CHH context
===========
position	count methylated	count unmethylated	% methylation	coverage
1	2145	95813	2.19	97958
2	2188	92879	2.30	95067
3	2025	93722	2.11	95747
4	2088	92794	2.20	94882
5	2058	93461	2.15	95519
6	2010	94132	2.09	96142
7	2038	96333	2.07	98371
8	1878	92882	1.98	94760
9	2237	93619	2.33	95856
10	2284	92663	2.41	94947
11	3482	92344	3.63	95826
12	1572	95310	1.62	96882
13	1678	94063	1.75	95741
14	1554	92219	1.66	93773
15	1550	93259	1.63	94809
16	1581	93377	1.66	94958
17	1532	92951	1.62	94483
18	1442	95267	1.49	96709
19	1682	92882	1.78	94564
20	1547	91018	1.67	92565
21	1507	91798	1.62	93305
22	1593	92127	1.70	93720
23	1480	92052	1.58	93532
24	1489	92862	1.58	94351
25	1486	91520	1.60	93006
26	1503	89392	1.65	90895
27	1653	90342	1.80	91995
28	1500	90748	1.63	92248
29	1449	89763	1.59	91212
30	1386	90527	1.51	91913
31	1513	90549	1.64	92062
32	1428	88705	1.58	90133
33	1434	90373	1.56	91807
34	1513	90228	1.65	91741
35	1422	88161	1.59	89583
36	1406	89343	1.55	90749
37	1490	88342	1.66	89832
38	1385	88043	1.55	89428
39	1445	89116	1.60	90561
40	1406	89022	1.55	90428
41	1463	88186	1.63	89649
42	1439	89425	1.58	90864
43	1498	89036	1.65	90534
44	1448	87743	1.62	89191
45	1413	88781	1.57	90194
46	1437	88606	1.60	90043
47	1478	86899	1.67	88377
48	1458	88079	1.63	89537
49	1568	87655	1.76	89223
50	1603	86722	1.81	88325
51	1539	88253	1.71	89792
52	1635	88377	1.82	90012
53	1631	86973	1.84	88604
54	1624	88232	1.81	89856
55	1713	87311	1.92	89024
56	1676	86087	1.91	87763
57	1632	87211	1.84	88843
58	1590	87463	1.79	89053
59	1693	86074	1.93	87767
60	1586	87305	1.78	88891
61	1650	87390	1.85	89040
62	1647	86173	1.88	87820
63	1588	86771	1.80	88359
64	1593	85370	1.83	86963
65	1538	84079	1.80	85617
66	1605	85159	1.85	86764
67	1620	84971	1.87	86591
68	1621	83050	1.91	84671
69	1533	84025	1.79	85558
70	1573	83726	1.84	85299
71	1524	81952	1.83	83476
72	1477	82788	1.75	84265
73	1572	81638	1.89	83210
74	1480	80346	1.81	81826
75	1578	80409	1.92	81987
76	1515	80166	1.85	81681
77	1574	78596	1.96	80170
78	1447	78206	1.82	79653
79	1493	77513	1.89	79006
80	1534	75569	1.99	77103
81	1480	75994	1.91	77474
82	1515	74948	1.98	76463
83	1498	73241	2.00	74739
84	1376	72731	1.86	74107
85	1362	71517	1.87	72879
86	1390	69359	1.96	70749
87	1233	67076	1.81	68309
88	1051	60951	1.70	62002
89	325	19311	1.66	19636

