CpG context
===========
position	count methylated	count unmethylated	% methylation	coverage
1	21264	5592	79.18	26856
2	24453	5627	81.29	30080
3	29185	5987	82.98	35172
4	26639	6550	80.26	33189
5	24256	6060	80.01	30316
6	31120	6366	83.02	37486
7	30958	6204	83.31	37162
8	26928	6378	80.85	33306
9	27648	5610	83.13	33258
10	33021	6684	83.17	39705
11	32301	6482	83.29	38783
12	29191	6316	82.21	35507
13	35824	7221	83.22	43045
14	34271	6339	84.39	40610
15	31441	5830	84.36	37271
16	48016	8369	85.16	56385
17	32935	6164	84.23	39099
18	38742	7084	84.54	45826
19	35106	7102	83.17	42208
20	32603	6787	82.77	39390
21	48777	8579	85.04	57356
22	34191	6843	83.32	41034
23	28177	5881	82.73	34058
24	35977	7061	83.59	43038
25	36904	6895	84.26	43799
26	31477	6246	83.44	37723
27	42111	8797	82.72	50908
28	33053	6450	83.67	39503
29	31917	5639	84.99	37556
30	29776	6133	82.92	35909
31	29273	6151	82.64	35424
32	30136	6211	82.91	36347
33	28679	5356	84.26	34035
34	27916	5669	83.12	33585
35	30438	6227	83.02	36665
36	30515	5771	84.10	36286
37	30306	6218	82.98	36524
38	28897	5976	82.86	34873
39	31370	6234	83.42	37604
40	30891	6420	82.79	37311
41	32167	7078	81.96	39245
42	29510	6596	81.73	36106
43	33178	7325	81.91	40503
44	37452	9364	80.00	46816
45	25511	5427	82.46	30938
46	30534	5638	84.41	36172
47	26632	5415	83.10	32047
48	24599	4826	83.60	29425
49	23999	5551	81.21	29550
50	27894	5415	83.74	33309
51	23212	4680	83.22	27892
52	25887	5256	83.12	31143
53	22816	4460	83.65	27276
54	22824	4853	82.47	27677
55	22587	5038	81.76	27625
56	20448	4273	82.72	24721
57	24352	4658	83.94	29010
58	23394	4781	83.03	28175
59	25013	5092	83.09	30105
60	22645	4725	82.74	27370
61	25549	5945	81.12	31494
62	22736	4820	82.51	27556
63	25477	4418	85.22	29895
64	25810	4951	83.90	30761
65	35873	5458	86.79	41331
66	19869	3929	83.49	23798
67	23404	5305	81.52	28709
68	23761	4407	84.35	28168
69	21135	4430	82.67	25565
70	33389	6755	83.17	40144
71	18615	4028	82.21	22643
72	18709	3478	84.32	22187
73	19280	4016	82.76	23296
74	18857	3861	83.00	22718
75	18807	3663	83.70	22470
76	27639	5467	83.49	33106
77	15857	2876	84.65	18733
78	13437	2988	81.81	16425
79	13633	2682	83.56	16315
80	11969	2670	81.76	14639
81	12959	2656	82.99	15615
82	12818	2703	82.58	15521
83	10624	2605	80.31	13229
84	10428	2278	82.07	12706
85	11889	2928	80.24	14817
86	10363	2214	82.40	12577
87	10107	2678	79.05	12785
88	10361	2627	79.77	12988
89	4560	818	84.79	5378

CHG context
===========
position	count methylated	count unmethylated	% methylation	coverage
1	567	25323	2.19	25890
2	537	28341	1.86	28878
3	602	29558	2.00	30160
4	664	28076	2.31	28740
5	622	28652	2.12	29274
6	608	29530	2.02	30138
7	596	27530	2.12	28126
8	596	30814	1.90	31410
9	494	27477	1.77	27971
10	768	27171	2.75	27939
11	643	29157	2.16	29800
12	691	28602	2.36	29293
13	461	30312	1.50	30773
14	670	30250	2.17	30920
15	503	29137	1.70	29640
16	556	26665	2.04	27221
17	735	28288	2.53	29023
18	500	28575	1.72	29075
19	559	29520	1.86	30079
20	561	28351	1.94	28912
21	554	32515	1.68	33069
22	672	31201	2.11	31873
23	787	31069	2.47	31856
24	579	48959	1.17	49538
25	523	29393	1.75	29916
26	620	30029	2.02	30649
27	569	30588	1.83	31157
28	671	31247	2.10	31918
29	609	35406	1.69	36015
30	515	33164	1.53	33679
31	678	47529	1.41	48207
32	642	35764	1.76	36406
33	464	31893	1.43	32357
34	650	33198	1.92	33848
35	655	47985	1.35	48640
36	460	28380	1.60	28840
37	528	24422	2.12	24950
38	548	28414	1.89	28962
39	407	25669	1.56	26076
40	482	25198	1.88	25680
41	493	25980	1.86	26473
42	546	27237	1.97	27783
43	685	25526	2.61	26211
44	671	27262	2.40	27933
45	445	24615	1.78	25060
46	560	25495	2.15	26055
47	517	25287	2.00	25804
48	402	27611	1.44	28013
49	470	24486	1.88	24956
50	462	24515	1.85	24977
51	515	27352	1.85	27867
52	425	23813	1.75	24238
53	572	26132	2.14	26704
54	487	24872	1.92	25359
55	473	23516	1.97	23989
56	469	25796	1.79	26265
57	434	24275	1.76	24709
58	473	20903	2.21	21376
59	471	21479	2.15	21950
60	367	21027	1.72	21394
61	414	20828	1.95	21242
62	421	21771	1.90	22192
63	346	21542	1.58	21888
64	493	20602	2.34	21095
65	324	19522	1.63	19846
66	343	17886	1.88	18229
67	305	18417	1.63	18722
68	331	18342	1.77	18673
69	338	17782	1.87	18120
70	246	19461	1.25	19707
71	306	19649	1.53	19955
72	330	21313	1.52	21643
73	372	32789	1.12	33161
74	362	16713	2.12	17075
75	233	15872	1.45	16105
76	265	15166	1.72	15431
77	225	16893	1.31	17118
78	229	17760	1.27	17989
79	268	16798	1.57	17066
80	303	29755	1.01	30058
81	204	14837	1.36	15041
82	217	13935	1.53	14152
83	200	14684	1.34	14884
84	282	25334	1.10	25616
85	197	8557	2.25	8754
86	212	8482	2.44	8694
87	170	8072	2.06	8242
88	100	5657	1.74	5757
89	16	1445	1.10	1461

CHH context
===========
position	count methylated	count unmethylated	% methylation	coverage
1	707	32371	2.14	33078
2	994	30454	3.16	31448
3	729	30396	2.34	31125
4	916	31951	2.79	32867
5	984	30781	3.10	31765
6	797	30068	2.58	30865
7	874	30086	2.82	30960
8	807	29563	2.66	30370
9	631	33371	1.86	34002
10	722	29653	2.38	30375
11	862	28122	2.97	28984
12	722	29943	2.35	30665
13	818	31064	2.57	31882
14	786	27306	2.80	28092
15	705	29815	2.31	30520
16	926	32438	2.78	33364
17	848	28384	2.90	29232
18	795	29143	2.66	29938
19	826	31110	2.59	31936
20	914	30416	2.92	31330
21	917	28506	3.12	29423
22	997	30401	3.18	31398
23	830	29609	2.73	30439
24	701	30040	2.28	30741
25	853	29504	2.81	30357
26	632	28487	2.17	29119
27	773	33619	2.25	34392
28	921	30153	2.96	31074
29	644	29311	2.15	29955
30	671	29748	2.21	30419
31	724	29523	2.39	30247
32	714	28338	2.46	29052
33	594	29546	1.97	30140
34	807	30771	2.56	31578
35	714	27666	2.52	28380
36	639	29272	2.14	29911
37	839	31186	2.62	32025
38	692	29685	2.28	30377
39	667	31443	2.08	32110
40	593	29192	1.99	29785
41	719	29698	2.36	30417
42	732	28164	2.53	28896
43	676	28089	2.35	28765
44	729	28064	2.53	28793
45	708	28079	2.46	28787
46	793	27099	2.84	27892
47	719	25366	2.76	26085
48	559	28613	1.92	29172
49	749	28320	2.58	29069
50	765	25735	2.89	26500
51	609	25619	2.32	26228
52	654	27091	2.36	27745
53	607	24152	2.45	24759
54	601	24929	2.35	25530
55	582	25726	2.21	26308
56	546	24517	2.18	25063
57	672	24020	2.72	24692
58	610	23576	2.52	24186
59	817	23985	3.29	24802
60	646	22770	2.76	23416
61	619	22977	2.62	23596
62	691	22119	3.03	22810
63	780	22571	3.34	23351
64	598	20895	2.78	21493
65	1073	21402	4.77	22475
66	494	21054	2.29	21548
67	452	19832	2.23	20284
68	501	18110	2.69	18611
69	480	18947	2.47	19427
70	592	19527	2.94	20119
71	440	16391	2.61	16831
72	507	16382	3.00	16889
73	415	16227	2.49	16642
74	547	14068	3.74	14615
75	363	14043	2.52	14406
76	451	13572	3.22	14023
77	389	12234	3.08	12623
78	299	12438	2.35	12737
79	385	12183	3.06	12568
80	305	11634	2.55	11939
81	300	10543	2.77	10843
82	348	11363	2.97	11711
83	321	10343	3.01	10664
84	257	9639	2.60	9896
85	258	8873	2.83	9131
86	292	8251	3.42	8543
87	186	7849	2.31	8035
88	162	5880	2.68	6042
89	100	1962	4.85	2062

